[1, 4, 6, 21, 22, 33, 34, 38, 39, 44] 0 1
[12, 26, 29, 31, 32, 37, 41, 45, 46, 50] 2 2
[9, 11, 13, 14, 18, 19, 23, 28, 40, 42] 4 3
[3, 5, 8, 10, 15, 24, 36, 47, 48, 49] 6 4
[2, 7, 16, 20, 25, 27, 30, 35, 43, 51] 8 5
[3, 10, 15, 18, 19, 20, 29, 31, 40, 42] 0 1
[2, 6, 14, 16, 17, 23, 24, 38, 48, 49] 0 2
[5, 11, 21, 26, 30, 32, 35, 36, 39, 52] 2 3
[8, 9, 12, 22, 25, 28, 34, 44, 46, 51] 5 4
[1, 4, 7, 33, 37, 41, 43, 45, 47, 50] 7 5
[1, 6, 11, 16, 25, 27, 40, 51, 52] 0 1
[2, 5, 10, 20, 28, 33, 34, 43, 48] 3 2
[3, 4, 13, 15, 17, 23, 29, 38, 44] 3 3
[9, 12, 19, 26, 36, 39, 45, 46, 47] 5 4
[7, 8, 14, 18, 24, 30, 35, 37, 41] 8 5
[8, 19, 35, 44, 45, 46, 47, 49] 0 1
[7, 9, 10, 15, 23, 32, 34, 51] 1 2
[12, 24, 27, 28, 29, 31, 50, 52] 3 3
[4, 5, 11, 13, 14, 22, 39, 48] 6 4
[2, 16, 18, 20, 21, 33, 38, 42] 8 5
[3, 29, 35, 36, 37, 43, 44] 0 1
[5, 9, 10, 18, 28, 46, 51] 1 2
[15, 20, 25, 32, 38, 41, 47] 2 3
[1, 2, 12, 23, 33, 48, 52] 4 4
[4, 19, 24, 30, 40, 45, 49] 6 5
[4, 21, 37, 40, 44, 51] 0 1
[14, 19, 33, 34, 39, 52] 1 2
[6, 7, 29, 32, 48, 50] 3 3
[9, 13, 20, 35, 41, 43] 4 4
[10, 11, 16, 28, 47, 49] 5 5
[4, 5, 37, 44, 47] 0 1
[13, 23, 26, 45, 50] 0 2
[2, 3, 14, 27, 36] 3 3
[7, 9, 28, 38, 42] 3 4
[15, 20, 30, 33, 46] 4 5
[24, 39, 42, 51] 0 1
[8, 25, 30, 45] 2 2
[11, 16, 17, 40] 3 3
[5, 15, 18, 34] 3 4
[9, 13, 20, 52] 3 5
[24, 37, 41] 0 1
[6, 8, 33] 1 2
[5, 19, 29] 1 3
[10, 17, 39] 1 4
[20, 34, 42] 2 5
[11, 48] 0 1
[28, 43] 2 2
[31, 41] 2 3
[26, 51] 2 4
[18, 30] 4 5
[11, 15, 22, 23, 25, 33, 37, 43, 46, 51] 0 1
[2, 3, 6, 7, 13, 19, 26, 34, 35, 49] 3 2
[4, 5, 10, 17, 24, 42, 45, 47, 50, 52] 5 3
[1, 9, 14, 16, 29, 31, 39, 40, 44, 48] 7 4
[8, 12, 18, 20, 21, 27, 28, 30, 38, 41] 8 5
[4, 6, 17, 20, 23, 25, 26, 34, 48] 0 1
[3, 10, 13, 18, 21, 30, 38, 46, 47] 2 2
[1, 2, 5, 22, 37, 40, 41, 44, 45] 4 3
[9, 15, 16, 19, 29, 39, 50, 51, 52] 4 4
[12, 28, 31, 32, 33, 35, 42, 43, 49] 8 5
[10, 15, 17, 24, 45, 46, 49, 52] 0 1
[1, 5, 16, 21, 22, 34, 48, 51] 2 2
[8, 19, 20, 25, 27, 28, 37, 47] 3 3
[3, 9, 12, 18, 31, 33, 38, 41] 4 4
[11, 14, 29, 30, 35, 39, 40, 43] 6 5
[5, 6, 32, 34, 39, 47, 49] 0 1
[4, 12, 20, 21, 28, 30, 35] 1 2
[1, 3, 7, 15, 22, 36, 50] 2 3
[8, 9, 14, 19, 24, 31, 40] 3 4
[10, 18, 25, 29, 41, 43, 52] 4 5
[2, 5, 8, 17, 33, 47] 0 1
[10, 26, 36, 39, 48, 51] 0 2
[1, 7, 9, 38, 44, 52] 3 3
[22, 25, 40, 43, 45, 50] 5 4
[6, 11, 15, 19, 23, 34] 6 5
[12, 14, 27, 42, 52] 0 1
[4, 7, 26, 38, 49] 2 2
[30, 33, 36, 43, 44] 4 3
[9, 37, 39, 45, 51] 4 4
[6, 16, 18, 31, 32] 6 5
[5, 12, 34, 38] 0 1
[3, 6, 10, 32] 2 2
[31, 35, 40, 51] 2 3
[1, 27, 36, 42] 3 4
[9, 14, 25, 48] 3 5
[24, 27, 35] 0 1
[11, 19, 22] 1 2
[4, 25, 52] 2 3
[28, 38, 50] 4 4
[6, 32, 49] 4 5
[15, 23] 0 1
[10, 42] 2 2
[39, 47] 2 3
[31, 35] 2 4
[12, 30] 2 5
[1, 2, 4, 5, 19, 32, 33, 44, 49, 52] 0 1
[11, 17, 23, 24, 26, 37, 38, 45, 48, 50] 1 2
[3, 7, 9, 20, 25, 31, 34, 40, 43, 47] 5 3
[6, 8, 14, 15, 21, 27, 29, 41, 42, 51] 6 4
[10, 12, 13, 16, 18, 22, 30, 35, 36, 39] 7 5
[3, 14, 16, 19, 31, 46, 48, 51, 52] 0 1
[6, 8, 10, 17, 24, 27, 41, 44, 50] 2 2
[7, 9, 12, 13, 15, 21, 36, 42, 45] 3 3
[1, 5, 18, 26, 32, 34, 37, 39, 40] 5 4
[2, 11, 20, 22, 25, 29, 30, 33, 43] 8 5
[1, 2, 18, 19, 20, 25, 34, 44] 0 1
[4, 5, 11, 30, 35, 49, 50, 52] 1 2
[3, 8, 10, 15, 17, 22, 23, 31] 4 3
[6, 9, 12, 26, 37, 39, 47, 48] 5 4
[7, 27, 29, 32, 36, 42, 43, 45] 8 5
[1, 14, 22, 33, 34, 45, 50] 0 1
[9, 12, 18, 31, 38, 39, 52] 1 2
[6, 15, 16, 35, 43, 48, 51] 5 3
[7, 13, 23, 24, 26, 29, 40] 6 4
[2, 5, 27, 36, 42, 44, 47] 8 5
[4, 11, 12, 14, 35, 45] 0 1
[15, 19, 24, 33, 49, 51] 2 2
[9, 10, 28, 36, 46, 50] 4 3
[8, 20, 27, 38, 40, 43] 5 4
[5, 16, 17, 26, 29, 31] 6 5
[14, 18, 24, 33, 40] 0 1
[1, 16, 17, 36, 42] 1 2
[2, 6, 21, 29, 47] 1 3
[11, 13, 25, 27, 41] 1 4
[8, 30, 35, 43, 48] 4 5
[22, 31, 37, 42] 0 1
[7, 30, 47, 52] 1 2
[13, 32, 40, 51] 2 3
[14, 20, 27, 33] 4 4
[10, 34, 38, 50] 4 5
[23, 35, 36] 0 1
[15, 18, 21] 3 2
[8, 50, 51] 3 3
[6, 12, 16] 4 4
[11, 22, 25] 4 5
[7, 48] 0 1
[5, 15] 0 2
[25, 40] 0 3
[32, 39] 1 4
[21, 31] 3 5
[1, 3, 17, 18, 24, 29, 30, 37, 39, 47] 0 1
[4, 5, 6, 22, 28, 31, 32, 35, 40, 50] 2 2
[8, 16, 23, 26, 33, 34, 41, 43, 48, 51] 3 3
[2, 12, 14, 19, 21, 25, 27, 36, 38, 52] 5 4
[7, 9, 11, 13, 15, 20, 42, 45, 46, 49] 8 5
[3, 12, 13, 16, 23, 35, 36, 41, 44] 0 1
[2, 17, 20, 22, 24, 29, 34, 43, 46] 2 2
[10, 25, 27, 28, 30, 40, 42, 51, 52] 3 3
[6, 9, 11, 14, 15, 21, 26, 39, 45] 6 4
[1, 5, 7, 18, 33, 38, 47, 48, 49] 8 5
[9, 13, 22, 23, 27, 34, 40, 50] 0 1
[12, 15, 17, 21, 31, 33, 44, 51] 2 2
[3, 6, 16, 20, 35, 39, 46, 52] 4 3
[1, 10, 14, 19, 24, 29, 42, 43] 6 4
[2, 4, 7, 8, 37, 38, 45, 49] 7 5
[4, 10, 11, 16, 32, 33, 44] 0 1
[12, 20, 25, 28, 35, 47, 52] 1 2
[9, 13, 17, 29, 36, 41, 49] 4 3
[7, 8, 27, 34, 40, 43, 50] 5 4
[3, 5, 31, 37, 38, 39, 45] 6 5
[23, 25, 26, 27, 30, 39] 0 1
[6, 10, 12, 41, 42, 52] 6 2
[5, 8, 19, 34, 36, 44] 7 3
[3, 13, 17, 28, 45, 49] 7 4
[1, 2, 9, 14, 43, 51] 8 5
[17, 29, 32, 34, 37] 0 1
[12, 20, 24, 39, 45] 1 2
[4, 8, 13, 43, 49] 3 3
[2, 16, 25, 35, 50] 4 4
[3, 6, 26, 38, 40] 5 5
[2, 4, 9, 51] 0 1
[3, 30, 31, 42] 1 2
[12, 19, 20, 44] 1 3
[1, 6, 37, 43] 2 4
[14, 34, 48, 52] 3 5
[27, 41, 43] 0 1
[17, 18, 49] 0 2
[1, 7, 32] 0 3
[31, 37, 51] 0 4
[12, 24, 30] 3 5
[31, 41] 0 1
[9, 45] 0 2
[25, 49] 0 3
[22, 44] 2 4
[18, 52] 2 5
[3, 6, 8, 24, 28, 34, 37, 42, 45, 50] 0 1
[5, 14, 16, 19, 27, 31, 46, 48, 49, 52] 1 2
[2, 4, 7, 10, 12, 22, 30, 33, 40, 41] 3 3
[9, 13, 20, 21, 23, 25, 26, 29, 35, 36] 5 4
[15, 17, 18, 32, 38, 39, 43, 44, 47, 51] 9 5
[1, 2, 15, 22, 28, 38, 40, 47, 52] 0 1
[5, 16, 18, 20, 27, 29, 35, 36, 44] 2 2
[3, 4, 6, 7, 13, 21, 32, 34, 51] 3 3
[8, 12, 17, 25, 30, 37, 42, 46, 50] 5 4
[9, 14, 19, 24, 31, 39, 45, 48, 49] 7 5
[3, 5, 9, 10, 19, 23, 28, 52] 0 1
[24, 34, 36, 39, 41, 42, 47, 49] 2 2
[8, 12, 15, 16, 22, 30, 35, 45] 4 3
[6, 11, 17, 26, 31, 38, 48, 50] 5 4
[13, 14, 18, 21, 27, 29, 46, 51] 8 5
[9, 14, 18, 30, 35, 44, 46] 0 1
[3, 11, 22, 25, 28, 51, 52] 0 2
[1, 4, 5, 29, 32, 37, 45] 3 3
[6, 8, 12, 20, 24, 38, 40] 4 4
[15, 16, 23, 42, 47, 48, 50] 5 5
[1, 10, 13, 14, 39, 51] 0 1
[5, 21, 31, 35, 48, 49] 3 2
[8, 26, 30, 37, 41, 44] 3 3
[4, 28, 32, 36, 50, 52] 4 4
[12, 16, 22, 23, 29, 38] 6 5
[15, 28, 32, 43, 52] 0 1
[18, 25, 35, 46, 51] 1 2
[5, 21, 26, 33, 40] 2 3
[4, 7, 10, 13, 16] 3 4
[3, 11, 24, 45, 49] 4 5
[1, 10, 13, 46] 0 1
[30, 34, 40, 41] 2 2
[11, 25, 28, 49] 2 3
[2, 9, 36, 37] 3 4
[7, 8, 14, 48] 4 5
[26, 32, 39] 0 1
[18, 47, 50] 3 2
[20, 24, 48] 3 3
[8, 25, 49] 3 4
[9, 11, 16] 4 5
[18, 45] 0 1
[5, 12] 0 2
[7, 23] 2 3
[2, 31] 2 4
[17, 38] 2 5
[2, 11, 20, 27, 35, 36, 40, 46, 47, 49] 0 1
[3, 5, 9, 12, 15, 31, 37, 42, 48, 52] 1 2
[1, 7, 10, 14, 16, 29, 34, 39, 43, 51] 3 3
[4, 19, 23, 24, 28, 32, 38, 41, 45, 50] 5 4
[6, 13, 17, 18, 21, 22, 25, 26, 30, 33] 7 5
[3, 4, 5, 6, 11, 32, 44, 45, 46] 0 1
[16, 18, 25, 34, 36, 41, 43, 48, 50] 1 2
[1, 8, 10, 15, 27, 28, 29, 40, 49] 3 3
[9, 19, 20, 21, 22, 26, 31, 38, 51] 4 4
[7, 12, 13, 23, 24, 33, 37, 39, 52] 6 5
[9, 10, 24, 26, 29, 35, 47, 52] 0 1
[2, 19, 22, 23, 32, 36, 48, 50] 3 2
[1, 6, 7, 25, 31, 39, 44, 46] 4 3
[3, 4, 11, 28, 33, 34, 45, 51] 6 4
[15, 16, 17, 30, 40, 41, 43, 49] 7 5
[19, 21, 32, 39, 42, 43, 51] 0 1
[4, 7, 25, 26, 30, 34, 40] 2 2
[2, 12, 15, 16, 20, 22, 35] 4 3
[6, 11, 13, 29, 31, 41, 50] 5 4
[10, 14, 18, 27, 38, 45, 49] 7 5
[2, 25, 28, 41, 42, 52] 0 1
[8, 19, 20, 31, 35, 40] 2 2
[1, 10, 12, 21, 38, 45] 2 3
[29, 30, 34, 47, 48, 49] 3 4
[5, 7, 24, 27, 36, 44] 4 5
[3, 22, 32, 43, 48] 0 1
[5, 11, 39, 41, 44] 0 2
[9, 10, 33, 34, 42] 2 3
[7, 19, 21, 23, 50] 3 4
[2, 4, 14, 24, 25] 4 5
[5, 16, 23, 46] 0 1
[8, 25, 42, 49] 0 2
[7, 35, 36, 41] 1 3
[17, 18, 44, 52] 1 4
[24, 32, 39, 51] 2 5
[33, 38, 51] 0 1
[1, 26, 41] 3 2
[23, 36, 46] 3 3
[5, 7, 39] 3 4
[2, 10, 14] 3 5
[1, 28] 0 1
[8, 38] 0 2
[9, 12] 2 3
[41, 45] 2 4
[33, 43] 2 5
[8, 13, 16, 19, 22, 24, 25, 30, 39, 47] 0 1
[5, 6, 11, 12, 15, 21, 29, 36, 38, 51] 3 2
[3, 20, 26, 27, 28, 31, 33, 40, 44, 50] 5 3
[1, 2, 18, 23, 35, 37, 41, 42, 46, 52] 7 4
[4, 7, 9, 10, 14, 32, 34, 43, 45, 48] 9 5
[6, 8, 9, 10, 21, 35, 36, 38, 51] 0 1
[1, 3, 7, 17, 18, 23, 40, 46, 49] 2 2
[5, 13, 15, 19, 20, 22, 26, 29, 45] 3 3
[4, 24, 30, 33, 37, 41, 42, 43, 50] 5 4
[11, 12, 14, 16, 27, 28, 32, 39, 48] 6 5
[1, 2, 5, 30, 35, 41, 44, 46] 0 1
[8, 18, 19, 29, 33, 36, 45, 52] 0 2
[6, 17, 26, 31, 43, 48, 49, 50] 1 3
[7, 12, 14, 23, 25, 37, 38, 40] 3 4
[9, 20, 21, 27, 32, 34, 39, 47] 6 5
[3, 4, 6, 8, 11, 16, 32] 0 1
[7, 9, 14, 35, 36, 37, 49] 1 2
[1, 25, 26, 27, 28, 43, 47] 2 3
[5, 21, 24, 29, 30, 42, 51] 4 4
[15, 17, 20, 22, 23, 33, 41] 5 5
[7, 15, 19, 21, 47, 51] 0 1
[9, 10, 12, 22, 27, 29] 1 2
[3, 26, 37, 40, 41, 50] 2 3
[8, 25, 28, 38, 39, 52] 4 4
[4, 5, 32, 33, 36, 42] 7 5
[19, 32, 35, 43, 50] 0 1
[5, 17, 22, 24, 45] 1 2
[16, 23, 38, 39, 49] 2 3
[3, 12, 26, 27, 48] 4 4
[13, 18, 28, 36, 40] 6 5
[19, 35, 43, 46] 0 1
[2, 11, 45, 49] 0 2
[16, 17, 21, 37] 1 3
[7, 12, 40, 44] 2 4
[26, 28, 30, 34] 3 5
[38, 47, 50] 0 1
[27, 41, 49] 3 2
[19, 31, 51] 3 3
[6, 11, 14] 3 4
[9, 18, 42] 3 5
[15, 42] 0 1
[5, 38] 0 2
[27, 28] 1 3
[29, 36] 1 4
[20, 43] 3 5
[5, 6, 7, 18, 21, 28, 29, 35, 43, 45] 0 1
[1, 4, 6, 21, 22, 33, 34, 38, 39, 44] 0 1
[12, 26, 29, 31, 32, 37, 41, 45, 46, 50] 2 2
[9, 11, 13, 14, 18, 19, 23, 28, 40, 42] 4 3
[3, 5, 8, 10, 15, 24, 36, 47, 48, 49] 6 4
[2, 7, 16, 20, 25, 27, 30, 35, 43, 51] 8 5
[3, 10, 15, 18, 19, 20, 29, 31, 40, 42] 0 1
[2, 6, 14, 16, 17, 23, 24, 38, 48, 49] 0 2
[5, 11, 21, 26, 30, 32, 35, 36, 39, 52] 2 3
[8, 9, 12, 22, 25, 28, 34, 44, 46, 51] 5 4
[1, 4, 7, 33, 37, 41, 43, 45, 47, 50] 7 5
[1, 6, 11, 16, 25, 27, 40, 51, 52] 0 1
[2, 5, 10, 20, 28, 33, 34, 43, 48] 3 2
[3, 4, 13, 15, 17, 23, 29, 38, 44] 3 3
[9, 12, 19, 26, 36, 39, 45, 46, 47] 5 4
[7, 8, 14, 18, 24, 30, 35, 37, 41] 8 5
[8, 19, 35, 44, 45, 46, 47, 49] 0 1
[7, 9, 10, 15, 23, 32, 34, 51] 1 2
[12, 24, 27, 28, 29, 31, 50, 52] 3 3
[4, 5, 11, 13, 14, 22, 39, 48] 6 4
[2, 16, 18, 20, 21, 33, 38, 42] 8 5
[3, 29, 35, 36, 37, 43, 44] 0 1
[5, 9, 10, 18, 28, 46, 51] 1 2
[15, 20, 25, 32, 38, 41, 47] 2 3
[1, 2, 12, 23, 33, 48, 52] 4 4
[4, 19, 24, 30, 40, 45, 49] 6 5
[4, 21, 37, 40, 44, 51] 0 1
[14, 19, 33, 34, 39, 52] 1 2
[6, 7, 29, 32, 48, 50] 3 3
[9, 13, 20, 35, 41, 43] 4 4
[10, 11, 16, 28, 47, 49] 5 5
[4, 5, 37, 44, 47] 0 1
[13, 23, 26, 45, 50] 0 2
[2, 3, 14, 27, 36] 3 3
[7, 9, 28, 38, 42] 3 4
[15, 20, 30, 33, 46] 4 5
[24, 39, 42, 51] 0 1
[8, 25, 30, 45] 2 2
[11, 16, 17, 40] 3 3
[5, 15, 18, 34] 3 4
[9, 13, 20, 52] 3 5
[24, 37, 41] 0 1
[6, 8, 33] 1 2
[5, 19, 29] 1 3
[10, 17, 39] 1 4
[20, 34, 42] 2 5
[11, 48] 0 1
[28, 43] 2 2
[31, 41] 2 3
[26, 51] 2 4
[18, 30] 4 5
[1, 10, 14, 17, 18, 35, 38, 46, 50] 0 1
[2, 5, 8, 11, 20, 28, 32, 33, 51] 2 2
[12, 19, 21, 25, 31, 37, 39, 45, 49] 4 3
[15, 22, 24, 26, 29, 36, 44, 47, 52] 7 4
[3, 4, 6, 16, 30, 34, 40, 42, 43] 10 5
[11, 17, 27, 35, 36, 40, 41, 50] 0 1
[2, 4, 7, 16, 23, 25, 28, 47] 1 2
[13, 18, 20, 29, 30, 32, 48, 52] 2 3
[5, 8, 15, 19, 24, 26, 31, 44] 4 4
[1, 3, 9, 37, 38, 43, 45, 49] 6 5
[2, 8, 9, 26, 34, 41, 50] 0 1
[3, 5, 11, 13, 25, 31, 48] 2 2
[1, 15, 19, 23, 30, 36, 37] 5 3
[4, 6, 10, 17, 47, 49, 52] 6 4
[14, 21, 22, 24, 35, 38, 42] 7 5
[16, 19, 20, 27, 40, 46] 0 1
[2, 15, 18, 24, 26, 38] 0 2
[10, 17, 22, 29, 31, 49] 3 3
[12, 13, 28, 30, 36, 47] 4 4
[1, 35, 37, 42, 44, 45] 6 5
[21, 24, 25, 40, 52] 0 1
[18, 20, 30, 47, 51] 5 2
[5, 12, 26, 43, 48] 5 3
[3, 17, 22, 29, 41] 6 4
[8, 11, 42, 45, 50] 6 5
[8, 24, 30, 38] 0 1
[2, 16, 21, 45] 2 2
[23, 36, 49, 52] 2 3
[9, 13, 18, 42] 4 4
[26, 29, 41, 46] 5 5
[7, 15, 34] 0 1
[26, 38, 51] 0 2
[20, 22, 29] 3 3
[9, 19, 40] 3 4
[16, 18, 46] 3 5
[29, 39] 0 1
[13, 18] 2 2
[26, 30] 2 3
[12, 38] 2 4
[1, 44] 2 5
[27, 49] 0 1
[37, 45] 0 2
[12, 44] 2 3
[4, 43] 2 4
[13, 38] 2 5
[28, 36, 39] 0 1
[1, 22, 51] 3 2
[13, 14, 30] 3 3
[3, 29, 32] 4 4
[10, 35, 45] 4 5
[12, 33, 49, 51] 0 1
[24, 25, 40, 43] 3 2
[15, 26, 42, 46] 4 3
[19, 21, 28, 31] 5 4
[2, 11, 14, 35] 5 5
[6, 11, 22, 28, 39] 0 1
[12, 26, 27, 38, 44] 1 2
[3, 4, 16, 29, 32] 3 3
[5, 17, 19, 42, 52] 3 4
[2, 13, 21, 25, 41] 4 5
[7, 31, 32, 38, 39, 43] 0 1
[9, 10, 11, 47, 51, 52] 2 2
[14, 18, 19, 40, 41, 45] 5 3
[5, 17, 29, 34, 42, 44] 5 4
[4, 6, 13, 21, 25, 33] 5 5
[11, 15, 38, 39, 40, 41, 46] 0 1
[1, 5, 9, 14, 19, 51, 52] 2 2
[8, 10, 20, 26, 31, 32, 33] 4 3
[6, 7, 17, 24, 27, 28, 42] 6 4
[2, 34, 36, 43, 44, 47, 49] 7 5
[9, 11, 12, 40, 43, 46, 47, 50] 0 1
[1, 8, 23, 30, 35, 44, 45, 51] 3 2
[3, 13, 14, 15, 18, 20, 27, 37] 4 3
[4, 6, 17, 26, 28, 31, 34, 36] 6 4
[2, 5, 7, 16, 19, 22, 25, 33] 8 5
[3, 20, 25, 34, 36, 38, 41, 44, 45] 0 1
[13, 18, 19, 22, 24, 27, 35, 50, 52] 2 2
[2, 7, 8, 9, 11, 21, 28, 39, 42] 5 3
[10, 16, 26, 29, 31, 37, 40, 46, 47] 7 4
[1, 4, 6, 12, 17, 23, 30, 32, 49] 9 5
[2, 3, 5, 6, 7, 20, 21, 30, 36, 47] 0 1
[8, 9, 11, 13, 27, 41, 45, 48, 50, 52] 1 2
[12, 23, 29, 33, 34, 39, 43, 44, 49, 51] 5 3
[4, 10, 15, 17, 25, 26, 35, 37, 38, 40] 8 4
[1, 14, 16, 18, 19, 22, 24, 32, 42, 46] 11 5
[1, 12, 15, 31, 36, 37, 41, 45, 47] 0 1
[3, 7, 13, 16, 22, 23, 26, 38, 44] 1 2
[10, 18, 25, 29, 34, 39, 46, 51, 52] 4 3
[6, 8, 9, 27, 35, 40, 48, 49, 50] 7 4
[4, 5, 14, 19, 20, 21, 24, 28, 32] 8 5
[9, 15, 16, 25, 27, 30, 31, 41] 0 1
[6, 10, 20, 22, 26, 28, 32, 49] 1 2
[8, 11, 12, 23, 34, 38, 40, 42] 3 3
[14, 18, 19, 24, 35, 39, 43, 52] 6 4
[1, 2, 3, 13, 17, 36, 44, 50] 8 5
[3, 4, 9, 16, 20, 30, 46] 0 1
[10, 21, 24, 27, 37, 41, 45] 0 2
[12, 22, 23, 26, 28, 33, 43] 1 3
[1, 2, 17, 19, 29, 32, 52] 3 4
[6, 18, 25, 31, 38, 39, 44] 4 5
[18, 23, 32, 44, 48, 50] 0 1
[6, 15, 20, 24, 26, 36] 1 2
[1, 8, 13, 30, 34, 47] 3 3
[2, 4, 10, 16, 37, 52] 4 4
[3, 7, 12, 27, 31, 46] 6 5
[12, 18, 22, 28, 51] 0 1
[2, 3, 19, 38, 44] 2 2
[24, 35, 37, 46, 48] 3 3
[13, 27, 39, 43, 47] 4 4
[6, 14, 16, 30, 49] 6 5
[1, 6, 18, 26] 0 1
[12, 13, 14, 46] 1 2
[22, 29, 32, 47] 3 3
[2, 3, 21, 44] 3 4
[17, 28, 41, 49] 3 5
[1, 7, 41] 0 1
[17, 18, 31] 0 2
[10, 24, 36] 0 3
[42, 43, 48] 3 4
[20, 32, 33] 3 5
[37, 48] 0 1
[31, 52] 2 2
[17, 38] 3 3
[28, 46] 3 4
[15, 18] 3 5
[19, 38] 0 1
[7, 17] 1 2
[31, 50] 1 3
[25, 30] 2 4
[2, 39] 3 5
[12, 48, 52] 0 1
[38, 40, 42] 3 2
[10, 22, 43] 3 3
[1, 7, 49] 3 4
[15, 20, 25] 3 5
[3, 14, 24, 50] 0 1
[1, 2, 12, 52] 1 2
[30, 36, 37, 46] 3 3
[11, 21, 32, 45] 4 4
[8, 18, 43, 48] 5 5
[9, 20, 29, 35, 37] 0 1
[17, 18, 19, 28, 43] 1 2
[4, 10, 26, 34, 48] 1 3
[7, 16, 23, 46, 49] 2 4
[1, 5, 15, 22, 41] 3 5
[3, 13, 26, 29, 36, 51] 0 1
[5, 6, 14, 15, 19, 22] 3 2
[11, 18, 30, 45, 47, 52] 3 3
[1, 4, 7, 16, 31, 38] 4 4
[24, 37, 39, 42, 44, 48] 5 5
[6, 20, 22, 24, 37, 38, 47] 0 1
[15, 16, 28, 39, 42, 43, 45] 2 2
[3, 13, 17, 18, 48, 49, 52] 3 3
[2, 7, 11, 19, 21, 40, 50] 6 4
[5, 14, 30, 31, 34, 41, 44] 7 5
[2, 3, 10, 16, 18, 40, 42, 47] 0 1
[1, 4, 19, 25, 36, 39, 43, 51] 1 2
[12, 24, 30, 31, 33, 34, 49, 52] 3 3
[5, 11, 14, 28, 29, 45, 46, 50] 5 4
[9, 13, 17, 22, 23, 26, 32, 41] 6 5
[2, 15, 16, 19, 26, 31, 35, 37, 50] 0 1
[5, 10, 13, 14, 23, 28, 34, 43, 45] 2 2
[7, 8, 12, 21, 22, 32, 33, 36, 49] 4 3
[17, 25, 29, 30, 38, 39, 41, 46, 47] 6 4
[1, 3, 4, 9, 11, 40, 42, 44, 51] 9 5
[15, 18, 23, 27, 34, 37, 39, 40, 43, 46] 0 1
[6, 12, 16, 24, 26, 38, 41, 44, 48, 52] 2 2
[3, 5, 14, 17, 20, 21, 22, 25, 29, 35] 5 3
[1, 4, 7, 8, 13, 33, 36, 42, 47, 50] 6 4
[2, 9, 10, 11, 19, 30, 31, 45, 49, 51] 8 5
[5, 9, 11, 17, 20, 23, 32, 49, 50] 0 1
[1, 22, 26, 30, 36, 37, 39, 45, 52] 1 2
[7, 19, 21, 31, 33, 40, 41, 47, 51] 5 3
[6, 8, 14, 16, 28, 29, 34, 46, 48] 6 4
[2, 3, 10, 12, 13, 25, 35, 38, 44] 6 5
[2, 7, 8, 10, 34, 37, 41, 47] 0 1
[1, 11, 12, 17, 19, 32, 42, 46] 1 2
[3, 20, 28, 35, 36, 39, 49, 51] 3 3
[4, 6, 14, 16, 26, 30, 40, 48] 5 4
[9, 15, 24, 25, 27, 31, 33, 52] 6 5
[1, 5, 7, 12, 22, 38, 40] 0 1
[9, 16, 20, 21, 24, 30, 37] 2 2
[14, 15, 19, 31, 47, 49, 50] 3 3
[6, 13, 28, 43, 45, 46, 52] 4 4
[4, 11, 17, 18, 32, 35, 39] 6 5
[6, 17, 19, 23, 43, 50] 0 1
[11, 14, 26, 29, 34, 48] 1 2
[2, 5, 13, 22, 27, 36] 2 3
[1, 3, 8, 20, 31, 39] 3 4
[4, 10, 21, 28, 46, 51] 4 5
[4, 18, 20, 23, 24] 0 1
[8, 15, 16, 29, 30] 1 2
[13, 31, 43, 46, 48] 1 3
[3, 21, 32, 37, 47] 2 4
[1, 9, 12, 50, 51] 3 5
[2, 4, 16, 34] 0 1
[19, 20, 25, 39] 0 2
[6, 32, 42, 52] 2 3
[11, 30, 31, 41] 3 4
[18, 28, 35, 43] 4 5
[2, 13, 37] 0 1
[4, 11, 52] 1 2
[15, 32, 33] 4 3
[9, 24, 35] 4 4
[20, 25, 31] 4 5
[21, 43] 0 1
[19, 33] 0 2
[16, 51] 0 3
[7, 31] 2 4
[1, 13] 2 5
[14, 41] 0 1
[1, 9] 0 2
[13, 42] 0 3
[2, 22] 1 4
[31, 37] 1 5
[1, 8, 17] 0 1
[16, 33, 45] 0 2
[27, 39, 42] 0 3
[7, 22, 30] 1 4
[21, 32, 50] 1 5
[1, 17, 19, 34] 0 1
[6, 13, 41, 42] 0 2
[3, 28, 33, 38] 1 3
[5, 14, 25, 37] 2 4
[12, 16, 26, 49] 3 5
[7, 10, 12, 22, 52] 0 1
[4, 9, 23, 29, 32] 2 2
[33, 39, 42, 43, 49] 2 3
[13, 19, 34, 50, 51] 3 4
[15, 20, 21, 25, 40] 6 5
[1, 9, 28, 41, 45, 46] 0 1
[22, 27, 31, 34, 35, 50] 0 2
[15, 18, 21, 23, 25, 42] 1 3
[10, 13, 26, 29, 40, 44] 2 4
[3, 7, 14, 30, 39, 48] 5 5
[4, 12, 20, 21, 23, 31, 52] 0 1
[6, 11, 28, 35, 40, 42, 47] 2 2
[10, 17, 26, 36, 37, 44, 50] 3 3
[2, 5, 8, 9, 27, 38, 41] 5 4
[14, 18, 19, 32, 33, 34, 39] 6 5
[4, 10, 27, 29, 30, 31, 37, 47] 0 1
[5, 17, 24, 34, 40, 44, 48, 49] 1 2
[9, 11, 21, 22, 39, 42, 51, 52] 2 3
[1, 3, 8, 16, 18, 20, 23, 32] 5 4
[2, 6, 13, 28, 33, 35, 38, 50] 6 5
[7, 11, 12, 24, 27, 35, 36, 43, 48] 0 1
[1, 10, 20, 23, 31, 42, 47, 50, 52] 3 2
[16, 17, 22, 33, 37, 38, 44, 46, 49] 5 3
[9, 13, 14, 18, 26, 29, 34, 45, 51] 7 4
[3, 4, 5, 6, 19, 25, 28, 39, 41] 10 5
[3, 6, 12, 21, 32, 36, 39, 42, 50, 51] 0 1
[4, 10, 18, 19, 22, 24, 28, 37, 43, 47] 3 2
[7, 13, 16, 20, 26, 30, 35, 38, 44, 46] 4 3
[1, 5, 8, 9, 14, 15, 17, 25, 31, 49] 7 4
[2, 11, 23, 27, 29, 34, 40, 41, 45, 52] 8 5
[1, 8, 10, 11, 14, 15, 23, 31, 32] 0 1
[3, 4, 16, 21, 22, 26, 28, 47, 50] 1 2
[7, 20, 27, 30, 34, 36, 48, 49, 51] 3 3
[2, 6, 25, 29, 35, 38, 40, 45, 46] 4 4
[12, 13, 18, 19, 24, 33, 37, 43, 44] 6 5
[11, 12, 17, 25, 31, 32, 34, 46] 0 1
[8, 9, 15, 22, 27, 35, 40, 52] 2 2
[3, 10, 13, 16, 20, 24, 28, 41] 3 3
[6, 14, 42, 43, 45, 47, 49, 50] 5 4
[2, 18, 21, 26, 30, 36, 37, 48] 6 5
[2, 7, 10, 20, 39, 42, 52] 0 1
[1, 16, 18, 45, 48, 49, 50] 2 2
[3, 5, 11, 12, 30, 40, 43] 3 3
[19, 22, 28, 34, 37, 38, 44] 5 4
[13, 24, 32, 33, 36, 47, 51] 7 5
[12, 27, 28, 36, 37, 38] 0 1
[5, 23, 29, 34, 43, 44] 2 2
[1, 8, 9, 40, 51, 52] 3 3
[7, 10, 11, 20, 24, 26] 5 4
[2, 15, 19, 33, 39, 47] 7 5
[4, 13, 22, 32, 40] 0 1
[17, 30, 33, 51, 52] 1 2
[1, 3, 20, 44, 50] 3 3
[8, 19, 26, 28, 45] 3 4
[2, 10, 16, 18, 43] 4 5
[14, 21, 27, 40] 0 1
[19, 20, 47, 50] 0 2
[2, 6, 23, 33] 1 3
[1, 3, 11, 41] 1 4
[30, 34, 35, 38] 2 5
[22, 26, 40] 0 1
[2, 19, 46] 2 2
[28, 37, 49] 2 3
[7, 35, 44] 3 4
[3, 4, 31] 3 5
[3, 24] 0 1
[46, 49] 1 2
[14, 51] 1 3
[7, 29] 2 4
[33, 36] 2 5
[32, 39] 0 1
[28, 34] 2 2
[8, 21] 2 3
[12, 25] 2 4
[10, 13] 2 5
[18, 44, 50] 0 1
[13, 14, 39] 1 2
[7, 29, 40] 3 3
[9, 21, 36] 3 4
[16, 28, 33] 3 5
[6, 10, 18, 23] 0 1
[4, 11, 29, 43] 1 2
[13, 20, 33, 50] 2 3
[19, 22, 27, 38] 3 4
[2, 16, 41, 52] 4 5
[6, 15, 18, 25, 49] 0 1
[13, 27, 28, 35, 45] 1 2
[9, 24, 40, 43, 51] 2 3
[10, 16, 30, 37, 52] 3 4
[2, 14, 21, 34, 42] 5 5
[9, 19, 25, 31, 36, 49] 0 1
[16, 23, 24, 38, 42, 48] 1 2
[3, 18, 34, 43, 46, 52] 3 3
[6, 10, 30, 33, 37, 44] 4 4
[11, 13, 20, 22, 50, 51] 5 5
[4, 18, 23, 32, 37, 48, 49] 0 1
[9, 12, 15, 34, 38, 41, 43] 1 2
[7, 10, 25, 26, 35, 44, 50] 3 3
[1, 13, 24, 33, 40, 45, 46] 5 4
[3, 11, 14, 27, 36, 47, 51] 7 5
[11, 23, 34, 38, 39, 40, 48, 52] 0 1
[4, 14, 15, 25, 30, 41, 43, 45] 3 2
[8, 17, 20, 32, 33, 44, 47, 50] 4 3
[3, 6, 21, 22, 26, 27, 36, 49] 5 4
[5, 7, 12, 19, 29, 31, 37, 51] 6 5
[12, 13, 14, 27, 34, 37, 43, 46, 52] 0 1
[1, 2, 6, 24, 31, 45, 48, 50, 51] 3 2
[4, 15, 21, 22, 26, 35, 38, 39, 41] 5 3
[9, 11, 16, 18, 19, 20, 28, 29, 32] 8 4
[3, 5, 7, 17, 23, 30, 36, 44, 47] 9 5
[5, 7, 8, 10, 18, 27, 31, 32, 33, 52] 0 1
[15, 16, 21, 22, 24, 25, 29, 41, 42, 44] 1 2
[2, 4, 12, 23, 35, 38, 43, 45, 50, 51] 2 3
[9, 11, 14, 19, 20, 30, 36, 46, 48, 49] 5 4
[1, 3, 6, 17, 26, 28, 34, 37, 40, 47] 6 5
